[
    {
        "func_name": "__init__",
        "original": "def __init__(self, method='mle'):\n    if method == 'mle':\n        self.params = [0.788452102751, 0.381793815167]\n        self.aic = 714.489820273473\n        self.bic = 725.05420302706\n        self.arroots = 1.2683 + 0j\n        self.maroots = -2.6192 + 0j\n        self.bse = [0.042075906061, 0.060925105865]\n        self.hqic = 718.741675179309\n        self.llf = -354.244910136737\n        self.resid = resids_mle[:, 0]\n        self.fittedvalues = yhat_mle[:, 0]\n        self.pvalues = [2.39e-78, 3.69e-10]\n        self.tvalues = [18.74, 6.267]\n        self.sigma2 = 0.994743350844 ** 2\n        self.cov_params = [[0.0017704, -0.0010612], [-0.0010612, 0.0037119]]\n        self.forecast = forecast_results['fc11']\n        self.forecasterr = forecast_results['fe11']\n    elif method == 'css':\n        self.params = [0.791515576984, 0.383078056824]\n        self.aic = 710.99404717657\n        self.bic = 721.546405865964\n        self.arroots = [1.2634 + 0j]\n        self.maroots = [-2.6104 + 0j]\n        self.bse = [0.0424015620491, 0.0608752234378]\n        self.cov_params = [[0.00179789246421, -0.0010619532154], [-0.0010619532154, 0.0037057928286]]\n        self.hqic = 715.24154510855\n        self.llf = -352.497023588285\n        self.resid = resids_css[1:, 0]\n        self.fittedvalues = yhat_css[1:, 0]\n        self.pvalues = [7.02e-78, 5.53e-09]\n        self.tvalues = [18.6671317239, 6.2928857557]\n        self.sigma2 = 0.99671756278 ** 2",
        "mutated": [
            "def __init__(self, method='mle'):\n    if False:\n        i = 10\n    if method == 'mle':\n        self.params = [0.788452102751, 0.381793815167]\n        self.aic = 714.489820273473\n        self.bic = 725.05420302706\n        self.arroots = 1.2683 + 0j\n        self.maroots = -2.6192 + 0j\n        self.bse = [0.042075906061, 0.060925105865]\n        self.hqic = 718.741675179309\n        self.llf = -354.244910136737\n        self.resid = resids_mle[:, 0]\n        self.fittedvalues = yhat_mle[:, 0]\n        self.pvalues = [2.39e-78, 3.69e-10]\n        self.tvalues = [18.74, 6.267]\n        self.sigma2 = 0.994743350844 ** 2\n        self.cov_params = [[0.0017704, -0.0010612], [-0.0010612, 0.0037119]]\n        self.forecast = forecast_results['fc11']\n        self.forecasterr = forecast_results['fe11']\n    elif method == 'css':\n        self.params = [0.791515576984, 0.383078056824]\n        self.aic = 710.99404717657\n        self.bic = 721.546405865964\n        self.arroots = [1.2634 + 0j]\n        self.maroots = [-2.6104 + 0j]\n        self.bse = [0.0424015620491, 0.0608752234378]\n        self.cov_params = [[0.00179789246421, -0.0010619532154], [-0.0010619532154, 0.0037057928286]]\n        self.hqic = 715.24154510855\n        self.llf = -352.497023588285\n        self.resid = resids_css[1:, 0]\n        self.fittedvalues = yhat_css[1:, 0]\n        self.pvalues = [7.02e-78, 5.53e-09]\n        self.tvalues = [18.6671317239, 6.2928857557]\n        self.sigma2 = 0.99671756278 ** 2",
            "def __init__(self, method='mle'):\n    if False:\n        i = 10\n        while True:\n            print('Mutation')\n    if method == 'mle':\n        self.params = [0.788452102751, 0.381793815167]\n        self.aic = 714.489820273473\n        self.bic = 725.05420302706\n        self.arroots = 1.2683 + 0j\n        self.maroots = -2.6192 + 0j\n        self.bse = [0.042075906061, 0.060925105865]\n        self.hqic = 718.741675179309\n        self.llf = -354.244910136737\n        self.resid = resids_mle[:, 0]\n        self.fittedvalues = yhat_mle[:, 0]\n        self.pvalues = [2.39e-78, 3.69e-10]\n        self.tvalues = [18.74, 6.267]\n        self.sigma2 = 0.994743350844 ** 2\n        self.cov_params = [[0.0017704, -0.0010612], [-0.0010612, 0.0037119]]\n        self.forecast = forecast_results['fc11']\n        self.forecasterr = forecast_results['fe11']\n    elif method == 'css':\n        self.params = [0.791515576984, 0.383078056824]\n        self.aic = 710.99404717657\n        self.bic = 721.546405865964\n        self.arroots = [1.2634 + 0j]\n        self.maroots = [-2.6104 + 0j]\n        self.bse = [0.0424015620491, 0.0608752234378]\n        self.cov_params = [[0.00179789246421, -0.0010619532154], [-0.0010619532154, 0.0037057928286]]\n        self.hqic = 715.24154510855\n        self.llf = -352.497023588285\n        self.resid = resids_css[1:, 0]\n        self.fittedvalues = yhat_css[1:, 0]\n        self.pvalues = [7.02e-78, 5.53e-09]\n        self.tvalues = [18.6671317239, 6.2928857557]\n        self.sigma2 = 0.99671756278 ** 2",
            "def __init__(self, method='mle'):\n    if False:\n        i = 10\n        while True:\n            print('Mutation')\n        n = 10\n        dp = [0, 1]\n        for i in range(2, n + 1):\n            dp.append(dp[i - 1] + dp[i - 2])\n        print(dp[n])\n    if method == 'mle':\n        self.params = [0.788452102751, 0.381793815167]\n        self.aic = 714.489820273473\n        self.bic = 725.05420302706\n        self.arroots = 1.2683 + 0j\n        self.maroots = -2.6192 + 0j\n        self.bse = [0.042075906061, 0.060925105865]\n        self.hqic = 718.741675179309\n        self.llf = -354.244910136737\n        self.resid = resids_mle[:, 0]\n        self.fittedvalues = yhat_mle[:, 0]\n        self.pvalues = [2.39e-78, 3.69e-10]\n        self.tvalues = [18.74, 6.267]\n        self.sigma2 = 0.994743350844 ** 2\n        self.cov_params = [[0.0017704, -0.0010612], [-0.0010612, 0.0037119]]\n        self.forecast = forecast_results['fc11']\n        self.forecasterr = forecast_results['fe11']\n    elif method == 'css':\n        self.params = [0.791515576984, 0.383078056824]\n        self.aic = 710.99404717657\n        self.bic = 721.546405865964\n        self.arroots = [1.2634 + 0j]\n        self.maroots = [-2.6104 + 0j]\n        self.bse = [0.0424015620491, 0.0608752234378]\n        self.cov_params = [[0.00179789246421, -0.0010619532154], [-0.0010619532154, 0.0037057928286]]\n        self.hqic = 715.24154510855\n        self.llf = -352.497023588285\n        self.resid = resids_css[1:, 0]\n        self.fittedvalues = yhat_css[1:, 0]\n        self.pvalues = [7.02e-78, 5.53e-09]\n        self.tvalues = [18.6671317239, 6.2928857557]\n        self.sigma2 = 0.99671756278 ** 2",
            "def __init__(self, method='mle'):\n    if False:\n        i = 10\n        while True:\n            print('Mutation')\n        n = 10\n        dp = [0, 1]\n        for i in range(2, n + 1):\n            dp.append(dp[i - 1] + dp[i - 2])\n        print(dp[n])\n\n        def dfs(node):\n            if node == None:\n                return []\n            left = dfs(node.left)\n            right = dfs(node.right)\n    if method == 'mle':\n        self.params = [0.788452102751, 0.381793815167]\n        self.aic = 714.489820273473\n        self.bic = 725.05420302706\n        self.arroots = 1.2683 + 0j\n        self.maroots = -2.6192 + 0j\n        self.bse = [0.042075906061, 0.060925105865]\n        self.hqic = 718.741675179309\n        self.llf = -354.244910136737\n        self.resid = resids_mle[:, 0]\n        self.fittedvalues = yhat_mle[:, 0]\n        self.pvalues = [2.39e-78, 3.69e-10]\n        self.tvalues = [18.74, 6.267]\n        self.sigma2 = 0.994743350844 ** 2\n        self.cov_params = [[0.0017704, -0.0010612], [-0.0010612, 0.0037119]]\n        self.forecast = forecast_results['fc11']\n        self.forecasterr = forecast_results['fe11']\n    elif method == 'css':\n        self.params = [0.791515576984, 0.383078056824]\n        self.aic = 710.99404717657\n        self.bic = 721.546405865964\n        self.arroots = [1.2634 + 0j]\n        self.maroots = [-2.6104 + 0j]\n        self.bse = [0.0424015620491, 0.0608752234378]\n        self.cov_params = [[0.00179789246421, -0.0010619532154], [-0.0010619532154, 0.0037057928286]]\n        self.hqic = 715.24154510855\n        self.llf = -352.497023588285\n        self.resid = resids_css[1:, 0]\n        self.fittedvalues = yhat_css[1:, 0]\n        self.pvalues = [7.02e-78, 5.53e-09]\n        self.tvalues = [18.6671317239, 6.2928857557]\n        self.sigma2 = 0.99671756278 ** 2",
            "def __init__(self, method='mle'):\n    if False:\n        i = 10\n        while True:\n            print('Mutation')\n        dp = [0, 1]\n        for i in range(2, n + 1):\n            dp.append(dp[i - 1] + dp[i - 2])\n        print(dp[n])\n\n        def dfs(node):\n            if node == None:\n                return []\n            left = dfs(node.left)\n            right = dfs(node.right)\n        length = 15\n        if length <= 0:\n            return []\n        elif length == 1:\n            return [0]\n        sequence = [0, 1]\n        while len(sequence) < length:\n            next_value = sequence[-1] + sequence[-2]\n            sequence.append(next_value)\n        return sequence\n    if method == 'mle':\n        self.params = [0.788452102751, 0.381793815167]\n        self.aic = 714.489820273473\n        self.bic = 725.05420302706\n        self.arroots = 1.2683 + 0j\n        self.maroots = -2.6192 + 0j\n        self.bse = [0.042075906061, 0.060925105865]\n        self.hqic = 718.741675179309\n        self.llf = -354.244910136737\n        self.resid = resids_mle[:, 0]\n        self.fittedvalues = yhat_mle[:, 0]\n        self.pvalues = [2.39e-78, 3.69e-10]\n        self.tvalues = [18.74, 6.267]\n        self.sigma2 = 0.994743350844 ** 2\n        self.cov_params = [[0.0017704, -0.0010612], [-0.0010612, 0.0037119]]\n        self.forecast = forecast_results['fc11']\n        self.forecasterr = forecast_results['fe11']\n    elif method == 'css':\n        self.params = [0.791515576984, 0.383078056824]\n        self.aic = 710.99404717657\n        self.bic = 721.546405865964\n        self.arroots = [1.2634 + 0j]\n        self.maroots = [-2.6104 + 0j]\n        self.bse = [0.0424015620491, 0.0608752234378]\n        self.cov_params = [[0.00179789246421, -0.0010619532154], [-0.0010619532154, 0.0037057928286]]\n        self.hqic = 715.24154510855\n        self.llf = -352.497023588285\n        self.resid = resids_css[1:, 0]\n        self.fittedvalues = yhat_css[1:, 0]\n        self.pvalues = [7.02e-78, 5.53e-09]\n        self.tvalues = [18.6671317239, 6.2928857557]\n        self.sigma2 = 0.99671756278 ** 2"
        ]
    },
    {
        "func_name": "__init__",
        "original": "def __init__(self, method='mle'):\n    if method == 'mle':\n        self.params = [0.763798613302, 0.306453049063, -0.835653786888, 0.151382611965, 0.421169903784]\n        self.aic = 736.001094752429\n        self.bic = 757.129860259603\n        self.arroots = 1.3092 + 0j\n        self.maroots = [1.0392 - 0.707j, 1.0392 + 0.707j, -1.2189 - 0.131j, -1.2189 + 0.131j]\n        self.bse = [0.064888368113, 0.07803135943, 0.076246826219, 0.069267771804, 0.071567389557]\n        self.cov_params = [[0.0042105, -0.0031074, -0.0027947, -0.00027766, -0.00037373], [-0.0031074, 0.0060889, 0.0033958, -0.0026825, -0.00062289], [-0.0027947, 0.0033958, 0.0058136, -0.00063747, -0.0028984], [-0.00027766, -0.0026825, -0.00063747, 0.004798, 0.0026998], [-0.00037373, -0.00062289, -0.0028984, 0.0026998, 0.0051219]]\n        self.hqic = 744.504804564101\n        self.llf = -362.000547376215\n        self.resid = resids_mle[:, 1]\n        self.fittedvalues = yhat_mle[:, 1]\n        self.pvalues = [5.51e-32, 8.59e-05, 5.96e-28, 0.0289, 3.98e-09]\n        self.tvalues = [11.77, 3.927, -10.96, 2.185, 5.885]\n        self.sigma2 = 1.022607088673 ** 2\n        self.bse = [0.064888368113, 0.07803135943, 0.076246826219, 0.069267771804, 0.071567389557]\n    elif method == 'css':\n        self.params = [0.772072791055, 0.283961556581, -0.834797380642, 0.157773469382, 0.431616426021]\n        self.aic = 734.29405768746\n        self.bic = 755.398775066249\n        self.arroots = [1.2952 + 0j]\n        self.maroots = [1.028 - 0.6987j, 1.028 + 0.6987j, -1.2108 - 0.1835j, -1.2108 + 0.1835j]\n        self.bse = [0.0610633, 0.0738113, 0.07257705, 0.06857992, 0.07046048]\n        self.cov_params = [[0.003728727, -0.0025337305, -0.0023475489, -0.000189418, -0.0002716368], [-0.0025337305, 0.0054481087, 0.0029356374, -0.0027307668, -0.0008073432], [-0.0023475489, 0.0029356374, 0.0052674275, -0.0007578638, -0.0028534882], [-0.000189418, -0.0027307668, -0.0007578638, 0.0047032056, 0.0026710177], [-0.0002716368, -0.0008073432, -0.0028534882, 0.0026710177, 0.0049646795]]\n        self.hqic = 742.789053551421\n        self.llf = -361.14702884373\n        self.resid = resids_css[1:, 1]\n        self.fittedvalues = yhat_css[1:, 1]\n        self.pvalues = [2.15e-20, 0.0011, 6.01e-19, 0.0206, 5.92e-11]\n        self.tvalues = [12.643194, 3.847252, -11.501785, 2.301399, 6.12612]\n        self.sigma2 = 1.031950951582 ** 2",
        "mutated": [
            "def __init__(self, method='mle'):\n    if False:\n        i = 10\n    if method == 'mle':\n        self.params = [0.763798613302, 0.306453049063, -0.835653786888, 0.151382611965, 0.421169903784]\n        self.aic = 736.001094752429\n        self.bic = 757.129860259603\n        self.arroots = 1.3092 + 0j\n        self.maroots = [1.0392 - 0.707j, 1.0392 + 0.707j, -1.2189 - 0.131j, -1.2189 + 0.131j]\n        self.bse = [0.064888368113, 0.07803135943, 0.076246826219, 0.069267771804, 0.071567389557]\n        self.cov_params = [[0.0042105, -0.0031074, -0.0027947, -0.00027766, -0.00037373], [-0.0031074, 0.0060889, 0.0033958, -0.0026825, -0.00062289], [-0.0027947, 0.0033958, 0.0058136, -0.00063747, -0.0028984], [-0.00027766, -0.0026825, -0.00063747, 0.004798, 0.0026998], [-0.00037373, -0.00062289, -0.0028984, 0.0026998, 0.0051219]]\n        self.hqic = 744.504804564101\n        self.llf = -362.000547376215\n        self.resid = resids_mle[:, 1]\n        self.fittedvalues = yhat_mle[:, 1]\n        self.pvalues = [5.51e-32, 8.59e-05, 5.96e-28, 0.0289, 3.98e-09]\n        self.tvalues = [11.77, 3.927, -10.96, 2.185, 5.885]\n        self.sigma2 = 1.022607088673 ** 2\n        self.bse = [0.064888368113, 0.07803135943, 0.076246826219, 0.069267771804, 0.071567389557]\n    elif method == 'css':\n        self.params = [0.772072791055, 0.283961556581, -0.834797380642, 0.157773469382, 0.431616426021]\n        self.aic = 734.29405768746\n        self.bic = 755.398775066249\n        self.arroots = [1.2952 + 0j]\n        self.maroots = [1.028 - 0.6987j, 1.028 + 0.6987j, -1.2108 - 0.1835j, -1.2108 + 0.1835j]\n        self.bse = [0.0610633, 0.0738113, 0.07257705, 0.06857992, 0.07046048]\n        self.cov_params = [[0.003728727, -0.0025337305, -0.0023475489, -0.000189418, -0.0002716368], [-0.0025337305, 0.0054481087, 0.0029356374, -0.0027307668, -0.0008073432], [-0.0023475489, 0.0029356374, 0.0052674275, -0.0007578638, -0.0028534882], [-0.000189418, -0.0027307668, -0.0007578638, 0.0047032056, 0.0026710177], [-0.0002716368, -0.0008073432, -0.0028534882, 0.0026710177, 0.0049646795]]\n        self.hqic = 742.789053551421\n        self.llf = -361.14702884373\n        self.resid = resids_css[1:, 1]\n        self.fittedvalues = yhat_css[1:, 1]\n        self.pvalues = [2.15e-20, 0.0011, 6.01e-19, 0.0206, 5.92e-11]\n        self.tvalues = [12.643194, 3.847252, -11.501785, 2.301399, 6.12612]\n        self.sigma2 = 1.031950951582 ** 2",
            "def __init__(self, method='mle'):\n    if False:\n        i = 10\n        while True:\n            print('Mutation')\n    if method == 'mle':\n        self.params = [0.763798613302, 0.306453049063, -0.835653786888, 0.151382611965, 0.421169903784]\n        self.aic = 736.001094752429\n        self.bic = 757.129860259603\n        self.arroots = 1.3092 + 0j\n        self.maroots = [1.0392 - 0.707j, 1.0392 + 0.707j, -1.2189 - 0.131j, -1.2189 + 0.131j]\n        self.bse = [0.064888368113, 0.07803135943, 0.076246826219, 0.069267771804, 0.071567389557]\n        self.cov_params = [[0.0042105, -0.0031074, -0.0027947, -0.00027766, -0.00037373], [-0.0031074, 0.0060889, 0.0033958, -0.0026825, -0.00062289], [-0.0027947, 0.0033958, 0.0058136, -0.00063747, -0.0028984], [-0.00027766, -0.0026825, -0.00063747, 0.004798, 0.0026998], [-0.00037373, -0.00062289, -0.0028984, 0.0026998, 0.0051219]]\n        self.hqic = 744.504804564101\n        self.llf = -362.000547376215\n        self.resid = resids_mle[:, 1]\n        self.fittedvalues = yhat_mle[:, 1]\n        self.pvalues = [5.51e-32, 8.59e-05, 5.96e-28, 0.0289, 3.98e-09]\n        self.tvalues = [11.77, 3.927, -10.96, 2.185, 5.885]\n        self.sigma2 = 1.022607088673 ** 2\n        self.bse = [0.064888368113, 0.07803135943, 0.076246826219, 0.069267771804, 0.071567389557]\n    elif method == 'css':\n        self.params = [0.772072791055, 0.283961556581, -0.834797380642, 0.157773469382, 0.431616426021]\n        self.aic = 734.29405768746\n        self.bic = 755.398775066249\n        self.arroots = [1.2952 + 0j]\n        self.maroots = [1.028 - 0.6987j, 1.028 + 0.6987j, -1.2108 - 0.1835j, -1.2108 + 0.1835j]\n        self.bse = [0.0610633, 0.0738113, 0.07257705, 0.06857992, 0.07046048]\n        self.cov_params = [[0.003728727, -0.0025337305, -0.0023475489, -0.000189418, -0.0002716368], [-0.0025337305, 0.0054481087, 0.0029356374, -0.0027307668, -0.0008073432], [-0.0023475489, 0.0029356374, 0.0052674275, -0.0007578638, -0.0028534882], [-0.000189418, -0.0027307668, -0.0007578638, 0.0047032056, 0.0026710177], [-0.0002716368, -0.0008073432, -0.0028534882, 0.0026710177, 0.0049646795]]\n        self.hqic = 742.789053551421\n        self.llf = -361.14702884373\n        self.resid = resids_css[1:, 1]\n        self.fittedvalues = yhat_css[1:, 1]\n        self.pvalues = [2.15e-20, 0.0011, 6.01e-19, 0.0206, 5.92e-11]\n        self.tvalues = [12.643194, 3.847252, -11.501785, 2.301399, 6.12612]\n        self.sigma2 = 1.031950951582 ** 2",
            "def __init__(self, method='mle'):\n    if False:\n        i = 10\n        while True:\n            print('Mutation')\n        n = 10\n        dp = [0, 1]\n        for i in range(2, n + 1):\n            dp.append(dp[i - 1] + dp[i - 2])\n        print(dp[n])\n    if method == 'mle':\n        self.params = [0.763798613302, 0.306453049063, -0.835653786888, 0.151382611965, 0.421169903784]\n        self.aic = 736.001094752429\n        self.bic = 757.129860259603\n        self.arroots = 1.3092 + 0j\n        self.maroots = [1.0392 - 0.707j, 1.0392 + 0.707j, -1.2189 - 0.131j, -1.2189 + 0.131j]\n        self.bse = [0.064888368113, 0.07803135943, 0.076246826219, 0.069267771804, 0.071567389557]\n        self.cov_params = [[0.0042105, -0.0031074, -0.0027947, -0.00027766, -0.00037373], [-0.0031074, 0.0060889, 0.0033958, -0.0026825, -0.00062289], [-0.0027947, 0.0033958, 0.0058136, -0.00063747, -0.0028984], [-0.00027766, -0.0026825, -0.00063747, 0.004798, 0.0026998], [-0.00037373, -0.00062289, -0.0028984, 0.0026998, 0.0051219]]\n        self.hqic = 744.504804564101\n        self.llf = -362.000547376215\n        self.resid = resids_mle[:, 1]\n        self.fittedvalues = yhat_mle[:, 1]\n        self.pvalues = [5.51e-32, 8.59e-05, 5.96e-28, 0.0289, 3.98e-09]\n        self.tvalues = [11.77, 3.927, -10.96, 2.185, 5.885]\n        self.sigma2 = 1.022607088673 ** 2\n        self.bse = [0.064888368113, 0.07803135943, 0.076246826219, 0.069267771804, 0.071567389557]\n    elif method == 'css':\n        self.params = [0.772072791055, 0.283961556581, -0.834797380642, 0.157773469382, 0.431616426021]\n        self.aic = 734.29405768746\n        self.bic = 755.398775066249\n        self.arroots = [1.2952 + 0j]\n        self.maroots = [1.028 - 0.6987j, 1.028 + 0.6987j, -1.2108 - 0.1835j, -1.2108 + 0.1835j]\n        self.bse = [0.0610633, 0.0738113, 0.07257705, 0.06857992, 0.07046048]\n        self.cov_params = [[0.003728727, -0.0025337305, -0.0023475489, -0.000189418, -0.0002716368], [-0.0025337305, 0.0054481087, 0.0029356374, -0.0027307668, -0.0008073432], [-0.0023475489, 0.0029356374, 0.0052674275, -0.0007578638, -0.0028534882], [-0.000189418, -0.0027307668, -0.0007578638, 0.0047032056, 0.0026710177], [-0.0002716368, -0.0008073432, -0.0028534882, 0.0026710177, 0.0049646795]]\n        self.hqic = 742.789053551421\n        self.llf = -361.14702884373\n        self.resid = resids_css[1:, 1]\n        self.fittedvalues = yhat_css[1:, 1]\n        self.pvalues = [2.15e-20, 0.0011, 6.01e-19, 0.0206, 5.92e-11]\n        self.tvalues = [12.643194, 3.847252, -11.501785, 2.301399, 6.12612]\n        self.sigma2 = 1.031950951582 ** 2",
            "def __init__(self, method='mle'):\n    if False:\n        i = 10\n        while True:\n            print('Mutation')\n        n = 10\n        dp = [0, 1]\n        for i in range(2, n + 1):\n            dp.append(dp[i - 1] + dp[i - 2])\n        print(dp[n])\n\n        def dfs(node):\n            if node == None:\n                return []\n            left = dfs(node.left)\n            right = dfs(node.right)\n    if method == 'mle':\n        self.params = [0.763798613302, 0.306453049063, -0.835653786888, 0.151382611965, 0.421169903784]\n        self.aic = 736.001094752429\n        self.bic = 757.129860259603\n        self.arroots = 1.3092 + 0j\n        self.maroots = [1.0392 - 0.707j, 1.0392 + 0.707j, -1.2189 - 0.131j, -1.2189 + 0.131j]\n        self.bse = [0.064888368113, 0.07803135943, 0.076246826219, 0.069267771804, 0.071567389557]\n        self.cov_params = [[0.0042105, -0.0031074, -0.0027947, -0.00027766, -0.00037373], [-0.0031074, 0.0060889, 0.0033958, -0.0026825, -0.00062289], [-0.0027947, 0.0033958, 0.0058136, -0.00063747, -0.0028984], [-0.00027766, -0.0026825, -0.00063747, 0.004798, 0.0026998], [-0.00037373, -0.00062289, -0.0028984, 0.0026998, 0.0051219]]\n        self.hqic = 744.504804564101\n        self.llf = -362.000547376215\n        self.resid = resids_mle[:, 1]\n        self.fittedvalues = yhat_mle[:, 1]\n        self.pvalues = [5.51e-32, 8.59e-05, 5.96e-28, 0.0289, 3.98e-09]\n        self.tvalues = [11.77, 3.927, -10.96, 2.185, 5.885]\n        self.sigma2 = 1.022607088673 ** 2\n        self.bse = [0.064888368113, 0.07803135943, 0.076246826219, 0.069267771804, 0.071567389557]\n    elif method == 'css':\n        self.params = [0.772072791055, 0.283961556581, -0.834797380642, 0.157773469382, 0.431616426021]\n        self.aic = 734.29405768746\n        self.bic = 755.398775066249\n        self.arroots = [1.2952 + 0j]\n        self.maroots = [1.028 - 0.6987j, 1.028 + 0.6987j, -1.2108 - 0.1835j, -1.2108 + 0.1835j]\n        self.bse = [0.0610633, 0.0738113, 0.07257705, 0.06857992, 0.07046048]\n        self.cov_params = [[0.003728727, -0.0025337305, -0.0023475489, -0.000189418, -0.0002716368], [-0.0025337305, 0.0054481087, 0.0029356374, -0.0027307668, -0.0008073432], [-0.0023475489, 0.0029356374, 0.0052674275, -0.0007578638, -0.0028534882], [-0.000189418, -0.0027307668, -0.0007578638, 0.0047032056, 0.0026710177], [-0.0002716368, -0.0008073432, -0.0028534882, 0.0026710177, 0.0049646795]]\n        self.hqic = 742.789053551421\n        self.llf = -361.14702884373\n        self.resid = resids_css[1:, 1]\n        self.fittedvalues = yhat_css[1:, 1]\n        self.pvalues = [2.15e-20, 0.0011, 6.01e-19, 0.0206, 5.92e-11]\n        self.tvalues = [12.643194, 3.847252, -11.501785, 2.301399, 6.12612]\n        self.sigma2 = 1.031950951582 ** 2",
            "def __init__(self, method='mle'):\n    if False:\n        i = 10\n        while True:\n            print('Mutation')\n        dp = [0, 1]\n        for i in range(2, n + 1):\n            dp.append(dp[i - 1] + dp[i - 2])\n        print(dp[n])\n\n        def dfs(node):\n            if node == None:\n                return []\n            left = dfs(node.left)\n            right = dfs(node.right)\n        length = 15\n        if length <= 0:\n            return []\n        elif length == 1:\n            return [0]\n        sequence = [0, 1]\n        while len(sequence) < length:\n            next_value = sequence[-1] + sequence[-2]\n            sequence.append(next_value)\n        return sequence\n    if method == 'mle':\n        self.params = [0.763798613302, 0.306453049063, -0.835653786888, 0.151382611965, 0.421169903784]\n        self.aic = 736.001094752429\n        self.bic = 757.129860259603\n        self.arroots = 1.3092 + 0j\n        self.maroots = [1.0392 - 0.707j, 1.0392 + 0.707j, -1.2189 - 0.131j, -1.2189 + 0.131j]\n        self.bse = [0.064888368113, 0.07803135943, 0.076246826219, 0.069267771804, 0.071567389557]\n        self.cov_params = [[0.0042105, -0.0031074, -0.0027947, -0.00027766, -0.00037373], [-0.0031074, 0.0060889, 0.0033958, -0.0026825, -0.00062289], [-0.0027947, 0.0033958, 0.0058136, -0.00063747, -0.0028984], [-0.00027766, -0.0026825, -0.00063747, 0.004798, 0.0026998], [-0.00037373, -0.00062289, -0.0028984, 0.0026998, 0.0051219]]\n        self.hqic = 744.504804564101\n        self.llf = -362.000547376215\n        self.resid = resids_mle[:, 1]\n        self.fittedvalues = yhat_mle[:, 1]\n        self.pvalues = [5.51e-32, 8.59e-05, 5.96e-28, 0.0289, 3.98e-09]\n        self.tvalues = [11.77, 3.927, -10.96, 2.185, 5.885]\n        self.sigma2 = 1.022607088673 ** 2\n        self.bse = [0.064888368113, 0.07803135943, 0.076246826219, 0.069267771804, 0.071567389557]\n    elif method == 'css':\n        self.params = [0.772072791055, 0.283961556581, -0.834797380642, 0.157773469382, 0.431616426021]\n        self.aic = 734.29405768746\n        self.bic = 755.398775066249\n        self.arroots = [1.2952 + 0j]\n        self.maroots = [1.028 - 0.6987j, 1.028 + 0.6987j, -1.2108 - 0.1835j, -1.2108 + 0.1835j]\n        self.bse = [0.0610633, 0.0738113, 0.07257705, 0.06857992, 0.07046048]\n        self.cov_params = [[0.003728727, -0.0025337305, -0.0023475489, -0.000189418, -0.0002716368], [-0.0025337305, 0.0054481087, 0.0029356374, -0.0027307668, -0.0008073432], [-0.0023475489, 0.0029356374, 0.0052674275, -0.0007578638, -0.0028534882], [-0.000189418, -0.0027307668, -0.0007578638, 0.0047032056, 0.0026710177], [-0.0002716368, -0.0008073432, -0.0028534882, 0.0026710177, 0.0049646795]]\n        self.hqic = 742.789053551421\n        self.llf = -361.14702884373\n        self.resid = resids_css[1:, 1]\n        self.fittedvalues = yhat_css[1:, 1]\n        self.pvalues = [2.15e-20, 0.0011, 6.01e-19, 0.0206, 5.92e-11]\n        self.tvalues = [12.643194, 3.847252, -11.501785, 2.301399, 6.12612]\n        self.sigma2 = 1.031950951582 ** 2"
        ]
    },
    {
        "func_name": "__init__",
        "original": "def __init__(self, method='mle'):\n    if method == 'mle':\n        self.params = [0.859167822255, -0.44599045462, -0.094364739597, 0.63350459627, 0.03925124087]\n        self.aic = 680.801215465509\n        self.bic = 701.929980972682\n        self.arroots = [1.0209 - 0j, 0.2966 - 0.9835j, 0.2966 + 0.9835j, -1.4652 + 0j]\n        self.maroots = [-25.4769 + 0.0]\n        self.bse = [0.097363938243, 0.136020728785, 0.128467873077, 0.081059611396, 0.138536155409]\n        self.cov_params = [[0.0094797, -0.012908, 0.01187, -0.0073247, -0.011669], [-0.012908, 0.018502, -0.017103, 0.010456, 0.015892], [0.01187, -0.017103, 0.016504, -0.010091, -0.014626], [-0.0073247, 0.010456, -0.010091, 0.0065707, 0.0089767], [-0.011669, 0.015892, -0.014626, 0.0089767, 0.019192]]\n        self.hqic = 689.304925277181\n        self.llf = -334.400607732754\n        self.resid = resids_mle[:, 2]\n        self.fittedvalues = yhat_mle[:, 2]\n        self.pvalues = [1.1e-18, 0.001, 0.4626, 5.48e-15, 0.7769]\n        self.tvalues = [8.824, -3.279, -0.7345, 7.815, 0.2833]\n        self.sigma2 = 0.911409665692 ** 2\n        self.forecast = forecast_results['fc41']\n        self.forecasterr = forecast_results['fe41']\n    elif method == 'css':\n        self.params = [0.868370308475, -0.459433478113, -0.086098063077, 0.635050245511, 0.033645204508]\n        self.aic = 666.171731561927\n        self.bic = 687.203720777521\n        self.arroots = [1.0184 + 0j, 0.296 - 0.9803j, 0.296 + 0.9803j, -1.4747 + 0j]\n        self.maroots = [-29.7219 + 0j]\n        self.bse = [0.09554032, 0.13387533, 0.12691479, 0.08045129, 0.13456419]\n        self.cov_params = [[0.009127952, -0.01243259, 0.011488329, -0.007070855, -0.011031907], [-0.01243259, 0.0179226, -0.016597806, 0.010136298, 0.015053122], [0.011488329, -0.01659781, 0.016107364, -0.009851695, -0.013923062], [-0.007070855, 0.0101363, -0.009851695, 0.00647241, 0.008562476], [-0.011031907, 0.01505312, -0.013923062, 0.008562476, 0.018107521]]\n        self.hqic = 674.640335476392\n        self.llf = -327.085865780964\n        self.resid = resids_css[4:, 2]\n        self.fittedvalues = yhat_css[4:, 2]\n        self.pvalues = [6.51e-29, 4.23e-05, 0.4122, 1.62e-20, 0.7679]\n        self.tvalues = [9.0887381, -3.43151, -0.6786792, 7.8938778, 0.2503143]\n        self.sigma2 = 0.914551777765 ** 2",
        "mutated": [
            "def __init__(self, method='mle'):\n    if False:\n        i = 10\n    if method == 'mle':\n        self.params = [0.859167822255, -0.44599045462, -0.094364739597, 0.63350459627, 0.03925124087]\n        self.aic = 680.801215465509\n        self.bic = 701.929980972682\n        self.arroots = [1.0209 - 0j, 0.2966 - 0.9835j, 0.2966 + 0.9835j, -1.4652 + 0j]\n        self.maroots = [-25.4769 + 0.0]\n        self.bse = [0.097363938243, 0.136020728785, 0.128467873077, 0.081059611396, 0.138536155409]\n        self.cov_params = [[0.0094797, -0.012908, 0.01187, -0.0073247, -0.011669], [-0.012908, 0.018502, -0.017103, 0.010456, 0.015892], [0.01187, -0.017103, 0.016504, -0.010091, -0.014626], [-0.0073247, 0.010456, -0.010091, 0.0065707, 0.0089767], [-0.011669, 0.015892, -0.014626, 0.0089767, 0.019192]]\n        self.hqic = 689.304925277181\n        self.llf = -334.400607732754\n        self.resid = resids_mle[:, 2]\n        self.fittedvalues = yhat_mle[:, 2]\n        self.pvalues = [1.1e-18, 0.001, 0.4626, 5.48e-15, 0.7769]\n        self.tvalues = [8.824, -3.279, -0.7345, 7.815, 0.2833]\n        self.sigma2 = 0.911409665692 ** 2\n        self.forecast = forecast_results['fc41']\n        self.forecasterr = forecast_results['fe41']\n    elif method == 'css':\n        self.params = [0.868370308475, -0.459433478113, -0.086098063077, 0.635050245511, 0.033645204508]\n        self.aic = 666.171731561927\n        self.bic = 687.203720777521\n        self.arroots = [1.0184 + 0j, 0.296 - 0.9803j, 0.296 + 0.9803j, -1.4747 + 0j]\n        self.maroots = [-29.7219 + 0j]\n        self.bse = [0.09554032, 0.13387533, 0.12691479, 0.08045129, 0.13456419]\n        self.cov_params = [[0.009127952, -0.01243259, 0.011488329, -0.007070855, -0.011031907], [-0.01243259, 0.0179226, -0.016597806, 0.010136298, 0.015053122], [0.011488329, -0.01659781, 0.016107364, -0.009851695, -0.013923062], [-0.007070855, 0.0101363, -0.009851695, 0.00647241, 0.008562476], [-0.011031907, 0.01505312, -0.013923062, 0.008562476, 0.018107521]]\n        self.hqic = 674.640335476392\n        self.llf = -327.085865780964\n        self.resid = resids_css[4:, 2]\n        self.fittedvalues = yhat_css[4:, 2]\n        self.pvalues = [6.51e-29, 4.23e-05, 0.4122, 1.62e-20, 0.7679]\n        self.tvalues = [9.0887381, -3.43151, -0.6786792, 7.8938778, 0.2503143]\n        self.sigma2 = 0.914551777765 ** 2",
            "def __init__(self, method='mle'):\n    if False:\n        i = 10\n        while True:\n            print('Mutation')\n    if method == 'mle':\n        self.params = [0.859167822255, -0.44599045462, -0.094364739597, 0.63350459627, 0.03925124087]\n        self.aic = 680.801215465509\n        self.bic = 701.929980972682\n        self.arroots = [1.0209 - 0j, 0.2966 - 0.9835j, 0.2966 + 0.9835j, -1.4652 + 0j]\n        self.maroots = [-25.4769 + 0.0]\n        self.bse = [0.097363938243, 0.136020728785, 0.128467873077, 0.081059611396, 0.138536155409]\n        self.cov_params = [[0.0094797, -0.012908, 0.01187, -0.0073247, -0.011669], [-0.012908, 0.018502, -0.017103, 0.010456, 0.015892], [0.01187, -0.017103, 0.016504, -0.010091, -0.014626], [-0.0073247, 0.010456, -0.010091, 0.0065707, 0.0089767], [-0.011669, 0.015892, -0.014626, 0.0089767, 0.019192]]\n        self.hqic = 689.304925277181\n        self.llf = -334.400607732754\n        self.resid = resids_mle[:, 2]\n        self.fittedvalues = yhat_mle[:, 2]\n        self.pvalues = [1.1e-18, 0.001, 0.4626, 5.48e-15, 0.7769]\n        self.tvalues = [8.824, -3.279, -0.7345, 7.815, 0.2833]\n        self.sigma2 = 0.911409665692 ** 2\n        self.forecast = forecast_results['fc41']\n        self.forecasterr = forecast_results['fe41']\n    elif method == 'css':\n        self.params = [0.868370308475, -0.459433478113, -0.086098063077, 0.635050245511, 0.033645204508]\n        self.aic = 666.171731561927\n        self.bic = 687.203720777521\n        self.arroots = [1.0184 + 0j, 0.296 - 0.9803j, 0.296 + 0.9803j, -1.4747 + 0j]\n        self.maroots = [-29.7219 + 0j]\n        self.bse = [0.09554032, 0.13387533, 0.12691479, 0.08045129, 0.13456419]\n        self.cov_params = [[0.009127952, -0.01243259, 0.011488329, -0.007070855, -0.011031907], [-0.01243259, 0.0179226, -0.016597806, 0.010136298, 0.015053122], [0.011488329, -0.01659781, 0.016107364, -0.009851695, -0.013923062], [-0.007070855, 0.0101363, -0.009851695, 0.00647241, 0.008562476], [-0.011031907, 0.01505312, -0.013923062, 0.008562476, 0.018107521]]\n        self.hqic = 674.640335476392\n        self.llf = -327.085865780964\n        self.resid = resids_css[4:, 2]\n        self.fittedvalues = yhat_css[4:, 2]\n        self.pvalues = [6.51e-29, 4.23e-05, 0.4122, 1.62e-20, 0.7679]\n        self.tvalues = [9.0887381, -3.43151, -0.6786792, 7.8938778, 0.2503143]\n        self.sigma2 = 0.914551777765 ** 2",
            "def __init__(self, method='mle'):\n    if False:\n        i = 10\n        while True:\n            print('Mutation')\n        n = 10\n        dp = [0, 1]\n        for i in range(2, n + 1):\n            dp.append(dp[i - 1] + dp[i - 2])\n        print(dp[n])\n    if method == 'mle':\n        self.params = [0.859167822255, -0.44599045462, -0.094364739597, 0.63350459627, 0.03925124087]\n        self.aic = 680.801215465509\n        self.bic = 701.929980972682\n        self.arroots = [1.0209 - 0j, 0.2966 - 0.9835j, 0.2966 + 0.9835j, -1.4652 + 0j]\n        self.maroots = [-25.4769 + 0.0]\n        self.bse = [0.097363938243, 0.136020728785, 0.128467873077, 0.081059611396, 0.138536155409]\n        self.cov_params = [[0.0094797, -0.012908, 0.01187, -0.0073247, -0.011669], [-0.012908, 0.018502, -0.017103, 0.010456, 0.015892], [0.01187, -0.017103, 0.016504, -0.010091, -0.014626], [-0.0073247, 0.010456, -0.010091, 0.0065707, 0.0089767], [-0.011669, 0.015892, -0.014626, 0.0089767, 0.019192]]\n        self.hqic = 689.304925277181\n        self.llf = -334.400607732754\n        self.resid = resids_mle[:, 2]\n        self.fittedvalues = yhat_mle[:, 2]\n        self.pvalues = [1.1e-18, 0.001, 0.4626, 5.48e-15, 0.7769]\n        self.tvalues = [8.824, -3.279, -0.7345, 7.815, 0.2833]\n        self.sigma2 = 0.911409665692 ** 2\n        self.forecast = forecast_results['fc41']\n        self.forecasterr = forecast_results['fe41']\n    elif method == 'css':\n        self.params = [0.868370308475, -0.459433478113, -0.086098063077, 0.635050245511, 0.033645204508]\n        self.aic = 666.171731561927\n        self.bic = 687.203720777521\n        self.arroots = [1.0184 + 0j, 0.296 - 0.9803j, 0.296 + 0.9803j, -1.4747 + 0j]\n        self.maroots = [-29.7219 + 0j]\n        self.bse = [0.09554032, 0.13387533, 0.12691479, 0.08045129, 0.13456419]\n        self.cov_params = [[0.009127952, -0.01243259, 0.011488329, -0.007070855, -0.011031907], [-0.01243259, 0.0179226, -0.016597806, 0.010136298, 0.015053122], [0.011488329, -0.01659781, 0.016107364, -0.009851695, -0.013923062], [-0.007070855, 0.0101363, -0.009851695, 0.00647241, 0.008562476], [-0.011031907, 0.01505312, -0.013923062, 0.008562476, 0.018107521]]\n        self.hqic = 674.640335476392\n        self.llf = -327.085865780964\n        self.resid = resids_css[4:, 2]\n        self.fittedvalues = yhat_css[4:, 2]\n        self.pvalues = [6.51e-29, 4.23e-05, 0.4122, 1.62e-20, 0.7679]\n        self.tvalues = [9.0887381, -3.43151, -0.6786792, 7.8938778, 0.2503143]\n        self.sigma2 = 0.914551777765 ** 2",
            "def __init__(self, method='mle'):\n    if False:\n        i = 10\n        while True:\n            print('Mutation')\n        n = 10\n        dp = [0, 1]\n        for i in range(2, n + 1):\n            dp.append(dp[i - 1] + dp[i - 2])\n        print(dp[n])\n\n        def dfs(node):\n            if node == None:\n                return []\n            left = dfs(node.left)\n            right = dfs(node.right)\n    if method == 'mle':\n        self.params = [0.859167822255, -0.44599045462, -0.094364739597, 0.63350459627, 0.03925124087]\n        self.aic = 680.801215465509\n        self.bic = 701.929980972682\n        self.arroots = [1.0209 - 0j, 0.2966 - 0.9835j, 0.2966 + 0.9835j, -1.4652 + 0j]\n        self.maroots = [-25.4769 + 0.0]\n        self.bse = [0.097363938243, 0.136020728785, 0.128467873077, 0.081059611396, 0.138536155409]\n        self.cov_params = [[0.0094797, -0.012908, 0.01187, -0.0073247, -0.011669], [-0.012908, 0.018502, -0.017103, 0.010456, 0.015892], [0.01187, -0.017103, 0.016504, -0.010091, -0.014626], [-0.0073247, 0.010456, -0.010091, 0.0065707, 0.0089767], [-0.011669, 0.015892, -0.014626, 0.0089767, 0.019192]]\n        self.hqic = 689.304925277181\n        self.llf = -334.400607732754\n        self.resid = resids_mle[:, 2]\n        self.fittedvalues = yhat_mle[:, 2]\n        self.pvalues = [1.1e-18, 0.001, 0.4626, 5.48e-15, 0.7769]\n        self.tvalues = [8.824, -3.279, -0.7345, 7.815, 0.2833]\n        self.sigma2 = 0.911409665692 ** 2\n        self.forecast = forecast_results['fc41']\n        self.forecasterr = forecast_results['fe41']\n    elif method == 'css':\n        self.params = [0.868370308475, -0.459433478113, -0.086098063077, 0.635050245511, 0.033645204508]\n        self.aic = 666.171731561927\n        self.bic = 687.203720777521\n        self.arroots = [1.0184 + 0j, 0.296 - 0.9803j, 0.296 + 0.9803j, -1.4747 + 0j]\n        self.maroots = [-29.7219 + 0j]\n        self.bse = [0.09554032, 0.13387533, 0.12691479, 0.08045129, 0.13456419]\n        self.cov_params = [[0.009127952, -0.01243259, 0.011488329, -0.007070855, -0.011031907], [-0.01243259, 0.0179226, -0.016597806, 0.010136298, 0.015053122], [0.011488329, -0.01659781, 0.016107364, -0.009851695, -0.013923062], [-0.007070855, 0.0101363, -0.009851695, 0.00647241, 0.008562476], [-0.011031907, 0.01505312, -0.013923062, 0.008562476, 0.018107521]]\n        self.hqic = 674.640335476392\n        self.llf = -327.085865780964\n        self.resid = resids_css[4:, 2]\n        self.fittedvalues = yhat_css[4:, 2]\n        self.pvalues = [6.51e-29, 4.23e-05, 0.4122, 1.62e-20, 0.7679]\n        self.tvalues = [9.0887381, -3.43151, -0.6786792, 7.8938778, 0.2503143]\n        self.sigma2 = 0.914551777765 ** 2",
