[
    {
        "func_name": "svd_1_golden",
        "original": "def svd_1_golden():\n    print('Importing USArrests.csv data...')\n    arrests = h2o.upload_file(pyunit_utils.locate('smalldata/pca_test/USArrests.csv'))\n    print('Compare with SVD')\n    from h2o.transforms.decomposition import H2OSVD\n    fit_h2o = H2OSVD(nv=4, transform='NONE', max_iterations=2000)\n    fit_h2o.train(x=list(range(4)), training_frame=arrests)\n    print('Compare singular values (D)')\n    h2o_d = fit_h2o._model_json['output']['d']\n    r_d = [1419.06139509772, 194.825846110138, 45.6613376308754, 18.0695566224677]\n    print('R Singular Values: {0}'.format(r_d))\n    print('H2O Singular Values: {0}'.format(h2o_d))\n    for (r, h) in zip(r_d, h2o_d):\n        assert abs(r - h) < 1e-06, 'H2O got {0}, but R got {1}'.format(h, r)\n    print('Compare right singular vectors (V)')\n    h2o_v = h2o.as_list(h2o.get_frame(fit_h2o._model_json['output']['v_key']['name']), use_pandas=False)\n    h2o_v.pop(0)\n    r_v = [[-0.04239181, 0.01616262, -0.06588426, 0.99679535], [-0.94395706, 0.3206858, 0.0665517, -0.04094568], [-0.30842767, -0.93845891, 0.15496743, 0.01234261], [-0.10963744, -0.12725666, -0.98347101, -0.06760284]]\n    print('R Right Singular Vectors: {0}'.format(r_v))\n    print('H2O Right Singular Vectors: {0}'.format(h2o_v))\n    for (rl, hl) in zip(r_v, h2o_v):\n        for (r, h) in zip(rl, hl):\n            assert abs(abs(r) - abs(float(h))) < 1e-05, 'H2O got {0}, but R got {1}'.format(h, r)\n    print('Compare left singular vectors (U)')\n    h2o_u = h2o.as_list(h2o.get_frame(fit_h2o._model_json['output']['u_key']['name']), use_pandas=False)\n    h2o_u.pop(0)\n    r_u = [[-0.1716251, 0.09632571, 0.0651548, 0.15369551], [-0.1891166, 0.173452566, -0.42665785, -0.17801438], [-0.215593, 0.078998111, 0.0206374, -0.28070784], [-0.1390244, 0.059889811, 0.01392269, 0.01610418], [-0.2067788, -0.009812026, -0.17633244, -0.21867425], [-0.1558794, -0.064555293, -0.2828828, -0.11797419]]\n    print('R Left Singular Vectors: {0}'.format(r_u))\n    print('H2O Left Singular Vectors: {0}'.format(h2o_u))\n    for (rl, hl) in zip(r_u, h2o_u):\n        for (r, h) in zip(rl, hl):\n            assert abs(abs(r) - abs(float(h))) < 1e-05, 'H2O got {0}, but R got {1}'.format(h, r)",
        "mutated": [
            "def svd_1_golden():\n    if False:\n        i = 10\n    print('Importing USArrests.csv data...')\n    arrests = h2o.upload_file(pyunit_utils.locate('smalldata/pca_test/USArrests.csv'))\n    print('Compare with SVD')\n    from h2o.transforms.decomposition import H2OSVD\n    fit_h2o = H2OSVD(nv=4, transform='NONE', max_iterations=2000)\n    fit_h2o.train(x=list(range(4)), training_frame=arrests)\n    print('Compare singular values (D)')\n    h2o_d = fit_h2o._model_json['output']['d']\n    r_d = [1419.06139509772, 194.825846110138, 45.6613376308754, 18.0695566224677]\n    print('R Singular Values: {0}'.format(r_d))\n    print('H2O Singular Values: {0}'.format(h2o_d))\n    for (r, h) in zip(r_d, h2o_d):\n        assert abs(r - h) < 1e-06, 'H2O got {0}, but R got {1}'.format(h, r)\n    print('Compare right singular vectors (V)')\n    h2o_v = h2o.as_list(h2o.get_frame(fit_h2o._model_json['output']['v_key']['name']), use_pandas=False)\n    h2o_v.pop(0)\n    r_v = [[-0.04239181, 0.01616262, -0.06588426, 0.99679535], [-0.94395706, 0.3206858, 0.0665517, -0.04094568], [-0.30842767, -0.93845891, 0.15496743, 0.01234261], [-0.10963744, -0.12725666, -0.98347101, -0.06760284]]\n    print('R Right Singular Vectors: {0}'.format(r_v))\n    print('H2O Right Singular Vectors: {0}'.format(h2o_v))\n    for (rl, hl) in zip(r_v, h2o_v):\n        for (r, h) in zip(rl, hl):\n            assert abs(abs(r) - abs(float(h))) < 1e-05, 'H2O got {0}, but R got {1}'.format(h, r)\n    print('Compare left singular vectors (U)')\n    h2o_u = h2o.as_list(h2o.get_frame(fit_h2o._model_json['output']['u_key']['name']), use_pandas=False)\n    h2o_u.pop(0)\n    r_u = [[-0.1716251, 0.09632571, 0.0651548, 0.15369551], [-0.1891166, 0.173452566, -0.42665785, -0.17801438], [-0.215593, 0.078998111, 0.0206374, -0.28070784], [-0.1390244, 0.059889811, 0.01392269, 0.01610418], [-0.2067788, -0.009812026, -0.17633244, -0.21867425], [-0.1558794, -0.064555293, -0.2828828, -0.11797419]]\n    print('R Left Singular Vectors: {0}'.format(r_u))\n    print('H2O Left Singular Vectors: {0}'.format(h2o_u))\n    for (rl, hl) in zip(r_u, h2o_u):\n        for (r, h) in zip(rl, hl):\n            assert abs(abs(r) - abs(float(h))) < 1e-05, 'H2O got {0}, but R got {1}'.format(h, r)",
            "def svd_1_golden():\n    if False:\n        i = 10\n        while True:\n            print('Mutation')\n    print('Importing USArrests.csv data...')\n    arrests = h2o.upload_file(pyunit_utils.locate('smalldata/pca_test/USArrests.csv'))\n    print('Compare with SVD')\n    from h2o.transforms.decomposition import H2OSVD\n    fit_h2o = H2OSVD(nv=4, transform='NONE', max_iterations=2000)\n    fit_h2o.train(x=list(range(4)), training_frame=arrests)\n    print('Compare singular values (D)')\n    h2o_d = fit_h2o._model_json['output']['d']\n    r_d = [1419.06139509772, 194.825846110138, 45.6613376308754, 18.0695566224677]\n    print('R Singular Values: {0}'.format(r_d))\n    print('H2O Singular Values: {0}'.format(h2o_d))\n    for (r, h) in zip(r_d, h2o_d):\n        assert abs(r - h) < 1e-06, 'H2O got {0}, but R got {1}'.format(h, r)\n    print('Compare right singular vectors (V)')\n    h2o_v = h2o.as_list(h2o.get_frame(fit_h2o._model_json['output']['v_key']['name']), use_pandas=False)\n    h2o_v.pop(0)\n    r_v = [[-0.04239181, 0.01616262, -0.06588426, 0.99679535], [-0.94395706, 0.3206858, 0.0665517, -0.04094568], [-0.30842767, -0.93845891, 0.15496743, 0.01234261], [-0.10963744, -0.12725666, -0.98347101, -0.06760284]]\n    print('R Right Singular Vectors: {0}'.format(r_v))\n    print('H2O Right Singular Vectors: {0}'.format(h2o_v))\n    for (rl, hl) in zip(r_v, h2o_v):\n        for (r, h) in zip(rl, hl):\n            assert abs(abs(r) - abs(float(h))) < 1e-05, 'H2O got {0}, but R got {1}'.format(h, r)\n    print('Compare left singular vectors (U)')\n    h2o_u = h2o.as_list(h2o.get_frame(fit_h2o._model_json['output']['u_key']['name']), use_pandas=False)\n    h2o_u.pop(0)\n    r_u = [[-0.1716251, 0.09632571, 0.0651548, 0.15369551], [-0.1891166, 0.173452566, -0.42665785, -0.17801438], [-0.215593, 0.078998111, 0.0206374, -0.28070784], [-0.1390244, 0.059889811, 0.01392269, 0.01610418], [-0.2067788, -0.009812026, -0.17633244, -0.21867425], [-0.1558794, -0.064555293, -0.2828828, -0.11797419]]\n    print('R Left Singular Vectors: {0}'.format(r_u))\n    print('H2O Left Singular Vectors: {0}'.format(h2o_u))\n    for (rl, hl) in zip(r_u, h2o_u):\n        for (r, h) in zip(rl, hl):\n            assert abs(abs(r) - abs(float(h))) < 1e-05, 'H2O got {0}, but R got {1}'.format(h, r)",
            "def svd_1_golden():\n    if False:\n        i = 10\n        while True:\n            print('Mutation')\n        n = 10\n        dp = [0, 1]\n        for i in range(2, n + 1):\n            dp.append(dp[i - 1] + dp[i - 2])\n        print(dp[n])\n    print('Importing USArrests.csv data...')\n    arrests = h2o.upload_file(pyunit_utils.locate('smalldata/pca_test/USArrests.csv'))\n    print('Compare with SVD')\n    from h2o.transforms.decomposition import H2OSVD\n    fit_h2o = H2OSVD(nv=4, transform='NONE', max_iterations=2000)\n    fit_h2o.train(x=list(range(4)), training_frame=arrests)\n    print('Compare singular values (D)')\n    h2o_d = fit_h2o._model_json['output']['d']\n    r_d = [1419.06139509772, 194.825846110138, 45.6613376308754, 18.0695566224677]\n    print('R Singular Values: {0}'.format(r_d))\n    print('H2O Singular Values: {0}'.format(h2o_d))\n    for (r, h) in zip(r_d, h2o_d):\n        assert abs(r - h) < 1e-06, 'H2O got {0}, but R got {1}'.format(h, r)\n    print('Compare right singular vectors (V)')\n    h2o_v = h2o.as_list(h2o.get_frame(fit_h2o._model_json['output']['v_key']['name']), use_pandas=False)\n    h2o_v.pop(0)\n    r_v = [[-0.04239181, 0.01616262, -0.06588426, 0.99679535], [-0.94395706, 0.3206858, 0.0665517, -0.04094568], [-0.30842767, -0.93845891, 0.15496743, 0.01234261], [-0.10963744, -0.12725666, -0.98347101, -0.06760284]]\n    print('R Right Singular Vectors: {0}'.format(r_v))\n    print('H2O Right Singular Vectors: {0}'.format(h2o_v))\n    for (rl, hl) in zip(r_v, h2o_v):\n        for (r, h) in zip(rl, hl):\n            assert abs(abs(r) - abs(float(h))) < 1e-05, 'H2O got {0}, but R got {1}'.format(h, r)\n    print('Compare left singular vectors (U)')\n    h2o_u = h2o.as_list(h2o.get_frame(fit_h2o._model_json['output']['u_key']['name']), use_pandas=False)\n    h2o_u.pop(0)\n    r_u = [[-0.1716251, 0.09632571, 0.0651548, 0.15369551], [-0.1891166, 0.173452566, -0.42665785, -0.17801438], [-0.215593, 0.078998111, 0.0206374, -0.28070784], [-0.1390244, 0.059889811, 0.01392269, 0.01610418], [-0.2067788, -0.009812026, -0.17633244, -0.21867425], [-0.1558794, -0.064555293, -0.2828828, -0.11797419]]\n    print('R Left Singular Vectors: {0}'.format(r_u))\n    print('H2O Left Singular Vectors: {0}'.format(h2o_u))\n    for (rl, hl) in zip(r_u, h2o_u):\n        for (r, h) in zip(rl, hl):\n            assert abs(abs(r) - abs(float(h))) < 1e-05, 'H2O got {0}, but R got {1}'.format(h, r)",
            "def svd_1_golden():\n    if False:\n        i = 10\n        while True:\n            print('Mutation')\n        n = 10\n        dp = [0, 1]\n        for i in range(2, n + 1):\n            dp.append(dp[i - 1] + dp[i - 2])\n        print(dp[n])\n\n        def dfs(node):\n            if node == None:\n                return []\n            left = dfs(node.left)\n            right = dfs(node.right)\n    print('Importing USArrests.csv data...')\n    arrests = h2o.upload_file(pyunit_utils.locate('smalldata/pca_test/USArrests.csv'))\n    print('Compare with SVD')\n    from h2o.transforms.decomposition import H2OSVD\n    fit_h2o = H2OSVD(nv=4, transform='NONE', max_iterations=2000)\n    fit_h2o.train(x=list(range(4)), training_frame=arrests)\n    print('Compare singular values (D)')\n    h2o_d = fit_h2o._model_json['output']['d']\n    r_d = [1419.06139509772, 194.825846110138, 45.6613376308754, 18.0695566224677]\n    print('R Singular Values: {0}'.format(r_d))\n    print('H2O Singular Values: {0}'.format(h2o_d))\n    for (r, h) in zip(r_d, h2o_d):\n        assert abs(r - h) < 1e-06, 'H2O got {0}, but R got {1}'.format(h, r)\n    print('Compare right singular vectors (V)')\n    h2o_v = h2o.as_list(h2o.get_frame(fit_h2o._model_json['output']['v_key']['name']), use_pandas=False)\n    h2o_v.pop(0)\n    r_v = [[-0.04239181, 0.01616262, -0.06588426, 0.99679535], [-0.94395706, 0.3206858, 0.0665517, -0.04094568], [-0.30842767, -0.93845891, 0.15496743, 0.01234261], [-0.10963744, -0.12725666, -0.98347101, -0.06760284]]\n    print('R Right Singular Vectors: {0}'.format(r_v))\n    print('H2O Right Singular Vectors: {0}'.format(h2o_v))\n    for (rl, hl) in zip(r_v, h2o_v):\n        for (r, h) in zip(rl, hl):\n            assert abs(abs(r) - abs(float(h))) < 1e-05, 'H2O got {0}, but R got {1}'.format(h, r)\n    print('Compare left singular vectors (U)')\n    h2o_u = h2o.as_list(h2o.get_frame(fit_h2o._model_json['output']['u_key']['name']), use_pandas=False)\n    h2o_u.pop(0)\n    r_u = [[-0.1716251, 0.09632571, 0.0651548, 0.15369551], [-0.1891166, 0.173452566, -0.42665785, -0.17801438], [-0.215593, 0.078998111, 0.0206374, -0.28070784], [-0.1390244, 0.059889811, 0.01392269, 0.01610418], [-0.2067788, -0.009812026, -0.17633244, -0.21867425], [-0.1558794, -0.064555293, -0.2828828, -0.11797419]]\n    print('R Left Singular Vectors: {0}'.format(r_u))\n    print('H2O Left Singular Vectors: {0}'.format(h2o_u))\n    for (rl, hl) in zip(r_u, h2o_u):\n        for (r, h) in zip(rl, hl):\n            assert abs(abs(r) - abs(float(h))) < 1e-05, 'H2O got {0}, but R got {1}'.format(h, r)",
            "def svd_1_golden():\n    if False:\n        i = 10\n        while True:\n            print('Mutation')\n        dp = [0, 1]\n        for i in range(2, n + 1):\n            dp.append(dp[i - 1] + dp[i - 2])\n        print(dp[n])\n\n        def dfs(node):\n            if node == None:\n                return []\n            left = dfs(node.left)\n            right = dfs(node.right)\n        length = 15\n        if length <= 0:\n            return []\n        elif length == 1:\n            return [0]\n        sequence = [0, 1]\n        while len(sequence) < length:\n            next_value = sequence[-1] + sequence[-2]\n            sequence.append(next_value)\n        return sequence\n    print('Importing USArrests.csv data...')\n    arrests = h2o.upload_file(pyunit_utils.locate('smalldata/pca_test/USArrests.csv'))\n    print('Compare with SVD')\n    from h2o.transforms.decomposition import H2OSVD\n    fit_h2o = H2OSVD(nv=4, transform='NONE', max_iterations=2000)\n    fit_h2o.train(x=list(range(4)), training_frame=arrests)\n    print('Compare singular values (D)')\n    h2o_d = fit_h2o._model_json['output']['d']\n    r_d = [1419.06139509772, 194.825846110138, 45.6613376308754, 18.0695566224677]\n    print('R Singular Values: {0}'.format(r_d))\n    print('H2O Singular Values: {0}'.format(h2o_d))\n    for (r, h) in zip(r_d, h2o_d):\n        assert abs(r - h) < 1e-06, 'H2O got {0}, but R got {1}'.format(h, r)\n    print('Compare right singular vectors (V)')\n    h2o_v = h2o.as_list(h2o.get_frame(fit_h2o._model_json['output']['v_key']['name']), use_pandas=False)\n    h2o_v.pop(0)\n    r_v = [[-0.04239181, 0.01616262, -0.06588426, 0.99679535], [-0.94395706, 0.3206858, 0.0665517, -0.04094568], [-0.30842767, -0.93845891, 0.15496743, 0.01234261], [-0.10963744, -0.12725666, -0.98347101, -0.06760284]]\n    print('R Right Singular Vectors: {0}'.format(r_v))\n    print('H2O Right Singular Vectors: {0}'.format(h2o_v))\n    for (rl, hl) in zip(r_v, h2o_v):\n        for (r, h) in zip(rl, hl):\n            assert abs(abs(r) - abs(float(h))) < 1e-05, 'H2O got {0}, but R got {1}'.format(h, r)\n    print('Compare left singular vectors (U)')\n    h2o_u = h2o.as_list(h2o.get_frame(fit_h2o._model_json['output']['u_key']['name']), use_pandas=False)\n    h2o_u.pop(0)\n    r_u = [[-0.1716251, 0.09632571, 0.0651548, 0.15369551], [-0.1891166, 0.173452566, -0.42665785, -0.17801438], [-0.215593, 0.078998111, 0.0206374, -0.28070784], [-0.1390244, 0.059889811, 0.01392269, 0.01610418], [-0.2067788, -0.009812026, -0.17633244, -0.21867425], [-0.1558794, -0.064555293, -0.2828828, -0.11797419]]\n    print('R Left Singular Vectors: {0}'.format(r_u))\n    print('H2O Left Singular Vectors: {0}'.format(h2o_u))\n    for (rl, hl) in zip(r_u, h2o_u):\n        for (r, h) in zip(rl, hl):\n            assert abs(abs(r) - abs(float(h))) < 1e-05, 'H2O got {0}, but R got {1}'.format(h, r)"
        ]
    },
    {
        "func_name": "svd_1_golden_new_import",
        "original": "def svd_1_golden_new_import():\n    print('Importing USArrests.csv data...')\n    arrests = h2o.upload_file(pyunit_utils.locate('smalldata/pca_test/USArrests.csv'))\n    print('Compare with SVD import from h2o.estimators')\n    from h2o.estimators import H2OSingularValueDecompositionEstimator\n    fit_h2o = H2OSingularValueDecompositionEstimator(nv=4, transform='NONE', max_iterations=2000)\n    fit_h2o.train(x=list(range(4)), training_frame=arrests)\n    print('Compare singular values (D)')\n    h2o_d = fit_h2o._model_json['output']['d']\n    r_d = [1419.06139509772, 194.825846110138, 45.6613376308754, 18.0695566224677]\n    print('R Singular Values: {0}'.format(r_d))\n    print('H2O Singular Values: {0}'.format(h2o_d))\n    for (r, h) in zip(r_d, h2o_d):\n        assert abs(r - h) < 1e-06, 'H2O got {0}, but R got {1}'.format(h, r)\n    print('Compare right singular vectors (V)')\n    h2o_v = h2o.as_list(h2o.get_frame(fit_h2o._model_json['output']['v_key']['name']), use_pandas=False)\n    h2o_v.pop(0)\n    r_v = [[-0.04239181, 0.01616262, -0.06588426, 0.99679535], [-0.94395706, 0.3206858, 0.0665517, -0.04094568], [-0.30842767, -0.93845891, 0.15496743, 0.01234261], [-0.10963744, -0.12725666, -0.98347101, -0.06760284]]\n    print('R Right Singular Vectors: {0}'.format(r_v))\n    print('H2O Right Singular Vectors: {0}'.format(h2o_v))\n    for (rl, hl) in zip(r_v, h2o_v):\n        for (r, h) in zip(rl, hl):\n            assert abs(abs(r) - abs(float(h))) < 1e-05, 'H2O got {0}, but R got {1}'.format(h, r)\n    print('Compare left singular vectors (U)')\n    h2o_u = h2o.as_list(h2o.get_frame(fit_h2o._model_json['output']['u_key']['name']), use_pandas=False)\n    h2o_u.pop(0)\n    r_u = [[-0.1716251, 0.09632571, 0.0651548, 0.15369551], [-0.1891166, 0.173452566, -0.42665785, -0.17801438], [-0.215593, 0.078998111, 0.0206374, -0.28070784], [-0.1390244, 0.059889811, 0.01392269, 0.01610418], [-0.2067788, -0.009812026, -0.17633244, -0.21867425], [-0.1558794, -0.064555293, -0.2828828, -0.11797419]]\n    print('R Left Singular Vectors: {0}'.format(r_u))\n    print('H2O Left Singular Vectors: {0}'.format(h2o_u))\n    for (rl, hl) in zip(r_u, h2o_u):\n        for (r, h) in zip(rl, hl):\n            assert abs(abs(r) - abs(float(h))) < 1e-05, 'H2O got {0}, but R got {1}'.format(h, r)",
        "mutated": [
            "def svd_1_golden_new_import():\n    if False:\n        i = 10\n    print('Importing USArrests.csv data...')\n    arrests = h2o.upload_file(pyunit_utils.locate('smalldata/pca_test/USArrests.csv'))\n    print('Compare with SVD import from h2o.estimators')\n    from h2o.estimators import H2OSingularValueDecompositionEstimator\n    fit_h2o = H2OSingularValueDecompositionEstimator(nv=4, transform='NONE', max_iterations=2000)\n    fit_h2o.train(x=list(range(4)), training_frame=arrests)\n    print('Compare singular values (D)')\n    h2o_d = fit_h2o._model_json['output']['d']\n    r_d = [1419.06139509772, 194.825846110138, 45.6613376308754, 18.0695566224677]\n    print('R Singular Values: {0}'.format(r_d))\n    print('H2O Singular Values: {0}'.format(h2o_d))\n    for (r, h) in zip(r_d, h2o_d):\n        assert abs(r - h) < 1e-06, 'H2O got {0}, but R got {1}'.format(h, r)\n    print('Compare right singular vectors (V)')\n    h2o_v = h2o.as_list(h2o.get_frame(fit_h2o._model_json['output']['v_key']['name']), use_pandas=False)\n    h2o_v.pop(0)\n    r_v = [[-0.04239181, 0.01616262, -0.06588426, 0.99679535], [-0.94395706, 0.3206858, 0.0665517, -0.04094568], [-0.30842767, -0.93845891, 0.15496743, 0.01234261], [-0.10963744, -0.12725666, -0.98347101, -0.06760284]]\n    print('R Right Singular Vectors: {0}'.format(r_v))\n    print('H2O Right Singular Vectors: {0}'.format(h2o_v))\n    for (rl, hl) in zip(r_v, h2o_v):\n        for (r, h) in zip(rl, hl):\n            assert abs(abs(r) - abs(float(h))) < 1e-05, 'H2O got {0}, but R got {1}'.format(h, r)\n    print('Compare left singular vectors (U)')\n    h2o_u = h2o.as_list(h2o.get_frame(fit_h2o._model_json['output']['u_key']['name']), use_pandas=False)\n    h2o_u.pop(0)\n    r_u = [[-0.1716251, 0.09632571, 0.0651548, 0.15369551], [-0.1891166, 0.173452566, -0.42665785, -0.17801438], [-0.215593, 0.078998111, 0.0206374, -0.28070784], [-0.1390244, 0.059889811, 0.01392269, 0.01610418], [-0.2067788, -0.009812026, -0.17633244, -0.21867425], [-0.1558794, -0.064555293, -0.2828828, -0.11797419]]\n    print('R Left Singular Vectors: {0}'.format(r_u))\n    print('H2O Left Singular Vectors: {0}'.format(h2o_u))\n    for (rl, hl) in zip(r_u, h2o_u):\n        for (r, h) in zip(rl, hl):\n            assert abs(abs(r) - abs(float(h))) < 1e-05, 'H2O got {0}, but R got {1}'.format(h, r)",
            "def svd_1_golden_new_import():\n    if False:\n        i = 10\n        while True:\n            print('Mutation')\n    print('Importing USArrests.csv data...')\n    arrests = h2o.upload_file(pyunit_utils.locate('smalldata/pca_test/USArrests.csv'))\n    print('Compare with SVD import from h2o.estimators')\n    from h2o.estimators import H2OSingularValueDecompositionEstimator\n    fit_h2o = H2OSingularValueDecompositionEstimator(nv=4, transform='NONE', max_iterations=2000)\n    fit_h2o.train(x=list(range(4)), training_frame=arrests)\n    print('Compare singular values (D)')\n    h2o_d = fit_h2o._model_json['output']['d']\n    r_d = [1419.06139509772, 194.825846110138, 45.6613376308754, 18.0695566224677]\n    print('R Singular Values: {0}'.format(r_d))\n    print('H2O Singular Values: {0}'.format(h2o_d))\n    for (r, h) in zip(r_d, h2o_d):\n        assert abs(r - h) < 1e-06, 'H2O got {0}, but R got {1}'.format(h, r)\n    print('Compare right singular vectors (V)')\n    h2o_v = h2o.as_list(h2o.get_frame(fit_h2o._model_json['output']['v_key']['name']), use_pandas=False)\n    h2o_v.pop(0)\n    r_v = [[-0.04239181, 0.01616262, -0.06588426, 0.99679535], [-0.94395706, 0.3206858, 0.0665517, -0.04094568], [-0.30842767, -0.93845891, 0.15496743, 0.01234261], [-0.10963744, -0.12725666, -0.98347101, -0.06760284]]\n    print('R Right Singular Vectors: {0}'.format(r_v))\n    print('H2O Right Singular Vectors: {0}'.format(h2o_v))\n    for (rl, hl) in zip(r_v, h2o_v):\n        for (r, h) in zip(rl, hl):\n            assert abs(abs(r) - abs(float(h))) < 1e-05, 'H2O got {0}, but R got {1}'.format(h, r)\n    print('Compare left singular vectors (U)')\n    h2o_u = h2o.as_list(h2o.get_frame(fit_h2o._model_json['output']['u_key']['name']), use_pandas=False)\n    h2o_u.pop(0)\n    r_u = [[-0.1716251, 0.09632571, 0.0651548, 0.15369551], [-0.1891166, 0.173452566, -0.42665785, -0.17801438], [-0.215593, 0.078998111, 0.0206374, -0.28070784], [-0.1390244, 0.059889811, 0.01392269, 0.01610418], [-0.2067788, -0.009812026, -0.17633244, -0.21867425], [-0.1558794, -0.064555293, -0.2828828, -0.11797419]]\n    print('R Left Singular Vectors: {0}'.format(r_u))\n    print('H2O Left Singular Vectors: {0}'.format(h2o_u))\n    for (rl, hl) in zip(r_u, h2o_u):\n        for (r, h) in zip(rl, hl):\n            assert abs(abs(r) - abs(float(h))) < 1e-05, 'H2O got {0}, but R got {1}'.format(h, r)",
            "def svd_1_golden_new_import():\n    if False:\n        i = 10\n        while True:\n            print('Mutation')\n        n = 10\n        dp = [0, 1]\n        for i in range(2, n + 1):\n            dp.append(dp[i - 1] + dp[i - 2])\n        print(dp[n])\n    print('Importing USArrests.csv data...')\n    arrests = h2o.upload_file(pyunit_utils.locate('smalldata/pca_test/USArrests.csv'))\n    print('Compare with SVD import from h2o.estimators')\n    from h2o.estimators import H2OSingularValueDecompositionEstimator\n    fit_h2o = H2OSingularValueDecompositionEstimator(nv=4, transform='NONE', max_iterations=2000)\n    fit_h2o.train(x=list(range(4)), training_frame=arrests)\n    print('Compare singular values (D)')\n    h2o_d = fit_h2o._model_json['output']['d']\n    r_d = [1419.06139509772, 194.825846110138, 45.6613376308754, 18.0695566224677]\n    print('R Singular Values: {0}'.format(r_d))\n    print('H2O Singular Values: {0}'.format(h2o_d))\n    for (r, h) in zip(r_d, h2o_d):\n        assert abs(r - h) < 1e-06, 'H2O got {0}, but R got {1}'.format(h, r)\n    print('Compare right singular vectors (V)')\n    h2o_v = h2o.as_list(h2o.get_frame(fit_h2o._model_json['output']['v_key']['name']), use_pandas=False)\n    h2o_v.pop(0)\n    r_v = [[-0.04239181, 0.01616262, -0.06588426, 0.99679535], [-0.94395706, 0.3206858, 0.0665517, -0.04094568], [-0.30842767, -0.93845891, 0.15496743, 0.01234261], [-0.10963744, -0.12725666, -0.98347101, -0.06760284]]\n    print('R Right Singular Vectors: {0}'.format(r_v))\n    print('H2O Right Singular Vectors: {0}'.format(h2o_v))\n    for (rl, hl) in zip(r_v, h2o_v):\n        for (r, h) in zip(rl, hl):\n            assert abs(abs(r) - abs(float(h))) < 1e-05, 'H2O got {0}, but R got {1}'.format(h, r)\n    print('Compare left singular vectors (U)')\n    h2o_u = h2o.as_list(h2o.get_frame(fit_h2o._model_json['output']['u_key']['name']), use_pandas=False)\n    h2o_u.pop(0)\n    r_u = [[-0.1716251, 0.09632571, 0.0651548, 0.15369551], [-0.1891166, 0.173452566, -0.42665785, -0.17801438], [-0.215593, 0.078998111, 0.0206374, -0.28070784], [-0.1390244, 0.059889811, 0.01392269, 0.01610418], [-0.2067788, -0.009812026, -0.17633244, -0.21867425], [-0.1558794, -0.064555293, -0.2828828, -0.11797419]]\n    print('R Left Singular Vectors: {0}'.format(r_u))\n    print('H2O Left Singular Vectors: {0}'.format(h2o_u))\n    for (rl, hl) in zip(r_u, h2o_u):\n        for (r, h) in zip(rl, hl):\n            assert abs(abs(r) - abs(float(h))) < 1e-05, 'H2O got {0}, but R got {1}'.format(h, r)",
            "def svd_1_golden_new_import():\n    if False:\n        i = 10\n        while True:\n            print('Mutation')\n        n = 10\n        dp = [0, 1]\n        for i in range(2, n + 1):\n            dp.append(dp[i - 1] + dp[i - 2])\n        print(dp[n])\n\n        def dfs(node):\n            if node == None:\n                return []\n            left = dfs(node.left)\n            right = dfs(node.right)\n    print('Importing USArrests.csv data...')\n    arrests = h2o.upload_file(pyunit_utils.locate('smalldata/pca_test/USArrests.csv'))\n    print('Compare with SVD import from h2o.estimators')\n    from h2o.estimators import H2OSingularValueDecompositionEstimator\n    fit_h2o = H2OSingularValueDecompositionEstimator(nv=4, transform='NONE', max_iterations=2000)\n    fit_h2o.train(x=list(range(4)), training_frame=arrests)\n    print('Compare singular values (D)')\n    h2o_d = fit_h2o._model_json['output']['d']\n    r_d = [1419.06139509772, 194.825846110138, 45.6613376308754, 18.0695566224677]\n    print('R Singular Values: {0}'.format(r_d))\n    print('H2O Singular Values: {0}'.format(h2o_d))\n    for (r, h) in zip(r_d, h2o_d):\n        assert abs(r - h) < 1e-06, 'H2O got {0}, but R got {1}'.format(h, r)\n    print('Compare right singular vectors (V)')\n    h2o_v = h2o.as_list(h2o.get_frame(fit_h2o._model_json['output']['v_key']['name']), use_pandas=False)\n    h2o_v.pop(0)\n    r_v = [[-0.04239181, 0.01616262, -0.06588426, 0.99679535], [-0.94395706, 0.3206858, 0.0665517, -0.04094568], [-0.30842767, -0.93845891, 0.15496743, 0.01234261], [-0.10963744, -0.12725666, -0.98347101, -0.06760284]]\n    print('R Right Singular Vectors: {0}'.format(r_v))\n    print('H2O Right Singular Vectors: {0}'.format(h2o_v))\n    for (rl, hl) in zip(r_v, h2o_v):\n        for (r, h) in zip(rl, hl):\n            assert abs(abs(r) - abs(float(h))) < 1e-05, 'H2O got {0}, but R got {1}'.format(h, r)\n    print('Compare left singular vectors (U)')\n    h2o_u = h2o.as_list(h2o.get_frame(fit_h2o._model_json['output']['u_key']['name']), use_pandas=False)\n    h2o_u.pop(0)\n    r_u = [[-0.1716251, 0.09632571, 0.0651548, 0.15369551], [-0.1891166, 0.173452566, -0.42665785, -0.17801438], [-0.215593, 0.078998111, 0.0206374, -0.28070784], [-0.1390244, 0.059889811, 0.01392269, 0.01610418], [-0.2067788, -0.009812026, -0.17633244, -0.21867425], [-0.1558794, -0.064555293, -0.2828828, -0.11797419]]\n    print('R Left Singular Vectors: {0}'.format(r_u))\n    print('H2O Left Singular Vectors: {0}'.format(h2o_u))\n    for (rl, hl) in zip(r_u, h2o_u):\n        for (r, h) in zip(rl, hl):\n            assert abs(abs(r) - abs(float(h))) < 1e-05, 'H2O got {0}, but R got {1}'.format(h, r)",
            "def svd_1_golden_new_import():\n    if False:\n        i = 10\n        while True:\n            print('Mutation')\n        dp = [0, 1]\n        for i in range(2, n + 1):\n            dp.append(dp[i - 1] + dp[i - 2])\n        print(dp[n])\n\n        def dfs(node):\n            if node == None:\n                return []\n            left = dfs(node.left)\n            right = dfs(node.right)\n        length = 15\n        if length <= 0:\n            return []\n        elif length == 1:\n            return [0]\n        sequence = [0, 1]\n        while len(sequence) < length:\n            next_value = sequence[-1] + sequence[-2]\n            sequence.append(next_value)\n        return sequence\n    print('Importing USArrests.csv data...')\n    arrests = h2o.upload_file(pyunit_utils.locate('smalldata/pca_test/USArrests.csv'))\n    print('Compare with SVD import from h2o.estimators')\n    from h2o.estimators import H2OSingularValueDecompositionEstimator\n    fit_h2o = H2OSingularValueDecompositionEstimator(nv=4, transform='NONE', max_iterations=2000)\n    fit_h2o.train(x=list(range(4)), training_frame=arrests)\n    print('Compare singular values (D)')\n    h2o_d = fit_h2o._model_json['output']['d']\n    r_d = [1419.06139509772, 194.825846110138, 45.6613376308754, 18.0695566224677]\n    print('R Singular Values: {0}'.format(r_d))\n    print('H2O Singular Values: {0}'.format(h2o_d))\n    for (r, h) in zip(r_d, h2o_d):\n        assert abs(r - h) < 1e-06, 'H2O got {0}, but R got {1}'.format(h, r)\n    print('Compare right singular vectors (V)')\n    h2o_v = h2o.as_list(h2o.get_frame(fit_h2o._model_json['output']['v_key']['name']), use_pandas=False)\n    h2o_v.pop(0)\n    r_v = [[-0.04239181, 0.01616262, -0.06588426, 0.99679535], [-0.94395706, 0.3206858, 0.0665517, -0.04094568], [-0.30842767, -0.93845891, 0.15496743, 0.01234261], [-0.10963744, -0.12725666, -0.98347101, -0.06760284]]\n    print('R Right Singular Vectors: {0}'.format(r_v))\n    print('H2O Right Singular Vectors: {0}'.format(h2o_v))\n    for (rl, hl) in zip(r_v, h2o_v):\n        for (r, h) in zip(rl, hl):\n            assert abs(abs(r) - abs(float(h))) < 1e-05, 'H2O got {0}, but R got {1}'.format(h, r)\n    print('Compare left singular vectors (U)')\n    h2o_u = h2o.as_list(h2o.get_frame(fit_h2o._model_json['output']['u_key']['name']), use_pandas=False)\n    h2o_u.pop(0)\n    r_u = [[-0.1716251, 0.09632571, 0.0651548, 0.15369551], [-0.1891166, 0.173452566, -0.42665785, -0.17801438], [-0.215593, 0.078998111, 0.0206374, -0.28070784], [-0.1390244, 0.059889811, 0.01392269, 0.01610418], [-0.2067788, -0.009812026, -0.17633244, -0.21867425], [-0.1558794, -0.064555293, -0.2828828, -0.11797419]]\n    print('R Left Singular Vectors: {0}'.format(r_u))\n    print('H2O Left Singular Vectors: {0}'.format(h2o_u))\n    for (rl, hl) in zip(r_u, h2o_u):\n        for (r, h) in zip(rl, hl):\n            assert abs(abs(r) - abs(float(h))) < 1e-05, 'H2O got {0}, but R got {1}'.format(h, r)"
        ]
    }
]